½á¹û·ÖÎö£º
corret = 206682
segNum = 235275
num = 223107
precision = 0.87847
recall = 0.926381
F = 0.901789

